240 320
16 12
0 0 0 0 0 0 0 0 0 0 0 0 0 0 0 0
0 0 0 0 0 0 0 0 0 0 0 0 0 0 0 0
0 0 0 0 0 0 0 0 0 0 0 0 0 0 0 0
0 0 0 0 0 0 0 0 0 0 0 0 0 0 0 0
5 5 5 0 0 0 0 0 0 0 0 0 0 5 5 5
5 5 5 0 0 0 0 0 0 0 0 0 0 5 5 5
5 5 5 0 0 0 0 0 0 0 0 0 0 5 5 5
5 5 5 0 0 0 0 0 0 0 0 0 0 5 5 5
5 5 5 0 0 0 0 0 0 0 0 0 0 5 5 5
5 5 5 5 5 5 5 5 5 5 5 5 5 5 0 5
5 5 5 5 5 5 5 5 5 5 5 5 5 5 5 5
5 5 5 5 5 5 5 5 5 5 5 5 5 5 5 5


240 360
16 12
0 0 0 0 0 0 0 0 0 0 0 0 0 0 0 0
0 0 0 0 0 0 0 0 0 0 0 0 0 0 0 0
0 0 0 0 0 0 0 0 0 0 0 0 0 0 0 0
0 0 0 0 0 0 0 0 0 0 0 0 0 0 0 0
5 5 5 5 0 0 0 0 0 0 0 0 5 5 5 5
5 5 5 5 0 0 0 0 0 0 0 0 5 5 5 5
5 5 5 5 0 0 0 0 0 0 0 0 5 5 5 5
5 5 5 5 0 0 0 0 0 0 0 0 5 5 5 5
5 5 5 5 0 0 0 0 0 0 0 0 5 5 5 5
5 5 5 5 0 0 0 0 0 0 0 0 5 5 0 5
5 5 5 5 5 5 5 5 5 5 5 5 5 5 5 5
5 5 5 5 5 5 5 5 5 5 5 5 5 5 5 5


280 400
16 12
0 0 0 0 0 0 0 0 0 0 0 0 0 0 0 0
0 0 0 0 0 0 0 0 0 0 0 0 0 0 0 0
0 0 0 0 0 0 0 0 0 0 0 0 0 0 0 0
0 0 0 0 0 0 0 0 0 0 0 0 0 0 0 0
5 5 5 5 0 0 0 0 0 0 0 0 5 5 5 5
5 5 5 5 0 0 0 0 0 0 0 0 5 5 5 5
5 5 5 5 0 0 0 0 0 0 0 0 5 5 5 5
5 5 5 5 0 0 0 0 0 0 0 0 5 5 5 5
5 5 5 5 0 0 0 0 0 0 0 0 5 5 5 5
5 5 5 5 0 0 0 0 0 0 0 0 5 5 0 5
5 5 5 5 0 0 0 0 0 0 0 0 5 5 5 5
5 5 5 5 5 5 5 5 5 5 5 5 5 5 5 5